  40 0
  40 1
 220 2
 112 3
  81 4
  64 5
  45 6
  29 7
  28 8
  12 9
   9 10
  23 11
  12 12
  14 13
  10 14
   7 15
   4 16
  11 17
   9 18
   5 19
   4 20
   4 21
   1 22
   3 23
   2 24
   4 25
   5 26
   7 27
   5 28
   2 29
   3 30
   5 31
   5 32
   2 33
   1 34
   1 35
   1 36
   3 37
   1 38
   2 40
   2 43
   1 45
   2 46
   3 48
   1 49
   1 51
   1 55
   1 56
   1 57
   1 59
   1 60
   1 61
   1 66
   1 67
   1 70
   1 74
   1 76
   1 77
   1 79
   2 88
   2 89
   1 93
   1 125
   1 199
   1 201
   1 390
   1 405
